one(15) 563,523,217,515,616,558,472,225,530,607,568,513,259,542,612,571,457,286,531,599,540,444,284,524,614,546,552,278,515,533,564,590,428,530,538,561,573,460,519,558,552,520,464,515,540,546,518,434,496,530,555,511,460,511,556,559,484,264,533,623,549,486,301,527,609,535,470,323,532,622,570,498,285,527,601
one(16) 568,449,298,523,617,554,466,332,503,516,573,593,434,497,523,554,487,443,508,515,544,519,453,504,502,549,489,425,497,492,545,484,404,504,521,553,475,428,498,515,551,503,458,512,518,555,512,363,535,599,561,498,280,551,613,559,507,283,540,616,558,540,310,544,619,561,463,293,535,653,579,504,311,513,627,559,540,308,522,622
one(15) 547,499,286,514,580,553,499,354,491,509,562,503,399,483,542,557,537,398,477,532,562,531,380,504,540,568,530,390,499,543,566,555,386,502,525,535,459,402,488,543,538,468,383,504,564,549,475,398,516,564,570,535,433,533,592,557,514,298,557,611,547,505,327,532,614,564,543,319,533,630,564,538,311,512,615
one(17) 567,527,348,535,635,571,550,332,529,611,573,513,422,517,551,562,524,397,488,529,546,528,400,474,528,564,543,404,483,519,518,545,417,497,517,543,537,398,490,529,577,548,396,513,528,534,474,407,503,549,556,514,419,518,595,573,563,274,523,614,560,435,305,528,610,566,435,296,533,607,566,452,320,521,615,566,446,296,521,605,559,438,272,560,608
one(16) 565,515,300,531,581,537,464,384,493,518,558,473,398,501,495,535,510,399,490,529,563,532,431,506,533,563,554,432,486,516,545,511,425,474,524,529,494,425,495,532,541,509,418,482,532,543,508,410,497,542,568,507,310,536,600,560,480,271,519,592,564,466,307,536,592,565,460,286,541,593,546,432,287,508,614,578,534,296,515,604
one(13) 580,514,321,519,605,550,470,305,551,608,583,465,277,534,529,539,570,380,484,521,543,516,403,499,527,542,515,383,506,528,555,515,412,505,527,566,532,410,501,536,560,522,279,501,574,553,504,288,505,598,585,523,289,512,604,567,488,298,515,576,548,516,300,527,582
one(14) 551,573,271,519,564,553,556,405,498,519,562,493,445,495,546,540,487,417,507,524,540,486,421,497,554,555,545,415,495,549,542,437,432,502,527,516,465,460,512,551,549,477,443,497,521,566,473,252,536,595,560,489,290,512,612,565,453,288,525,587,568,476,287,527,607,560,462,300,513,599
one(17) 561,473,288,528,597,558,476,292,520,605,547,528,365,495,508,540,484,394,505,511,526,536,370,489,536,539,500,391,480,524,542,462,437,502,534,539,460,419,488,528,549,519,422,492,511,541,526,414,499,539,546,494,417,487,542,548,493,433,491,521,514,511,424,500,513,509,510,424,495,521,556,492,257,504,568,570,491,283,506,606,568,508,309,512,609
one(20) 584,510,270,516,594,547,463,275,534,587,587,459,291,520,602,573,456,296,526,600,558,449,298,513,592,560,457,297,523,596,556,515,438,500,555,535,500,376,476,526,557,465,377,492,507,543,501,427,483,507,543,485,408,508,515,555,466,394,519,540,541,486,414,472,530,522,497,423,498,535,543,496,422,505,526,543,505,432,504,519,565,521,212,506,598,540,480,266,530,602,558,443,291,523,588,560,469,285,521,584
one(23) 571,466,305,518,590,566,499,296,517,585,579,454,304,542,613,571,423,300,518,601,562,430,309,526,592,549,571,285,516,579,544,539,373,480,474,524,522,387,482,489,523,476,382,489,505,521,492,426,481,518,539,529,399,477,499,522,543,435,478,541,539,546,393,501,521,524,520,385,516,516,565,560,416,495,508,537,509,413,489,495,554,492,374,509,521,578,505,255,477,584,556,553,285,480,603,542,457,303,513,596,579,520,286,513,588,565,551,285,528,596,560,505,268,530,593
one(19) 576,435,273,529,595,564,430,275,526,588.558,433,281,529,595.557,591,388,500,530.554,474,369,488,520.540,546,407,498,522.535,582,409,498,536.516,538,409,504,528.517,553,416,491,543.537,516,442,500,524.536,488,422,502,534.531,502,429,489,531.544,490,422,502,544.559,509,487,495,564.558,527,259,516,588.557,451,244,511,596.559,500,271,505,611,548,477,297,518,595,551,483,274,539,593
one(18) 562,475,300,510,593,566,493,292,509,589,596,504,302,521,582,509,435,401,473,529,540,512,402,506,516,545,496,427,485,522,564,515,414,493,550,531,532,404,502,546,550,528,441,515,549,550,517,412,492,524,554,513,428,479,528,521,554,442,512,535,544,520,459,503,534,521,539,422,503,521,536,515,464,502,526,547,518,200,503,577,560,508,260,505,594,574,474,252,502,595
one(14) 552,517,297,517,615,566,520,286,524,618,572,512,285,529,617,583,530,276,533,591,561,518,266,532,594,581,491,300,515,602,557,473,268,519,599,548,504,466,526,560,549,502,418,498,524,563,489,432,519,540,555,492,441,500,539,533,467,453,489,541,538,521,458,504,545,561,511,454,510,531
